4197246
4196702
4196602
4196222
4195712
4195491
4195478
4195384
4195216
4195201
4194959
4194797
4194787
4194740
4194580
4194420
4194357
4194228
4194192
4194149
4194132
4194092
4194000
4193984
4193810
4193558
4193458
4193262
4193186
4192746
4192442
4192410
4192388
4192130
4192089
4192087
4191729
4191659
4191422
4191261
4191139
4191016
4190979
4190872
4190862
4190840
4190829
4190786
4190557
4190551
4190523
4190521
4190465
4190377
4190194
4190143
4190137
4190034
4189975
4189933
4189890
4189889
4189859
4189679
4189677
4189673
4189564
4189522
4189292
4189260
4189253
4189038
4189025
4188772
4188754
4188440
4188408
4188394
4188281
4188220
4188008
4187745
4187686
4187549
4187534
4187178
4187177
4187087
4186899
4186785
4186688
4186500
4186182
4186174
4186172
4186119
4186018
4185784
4185763
4185734
4185727
4185613
4185560
4185559
4185481
4185440
4185422
4185147
4185132
4185128
4185034
4185023
4185021
4184946
4184940
4184869
4184868
4184845
4184843
4184764
4184760
4184697
4184687
4184678
4184645
4184644
4184642
4184621
4184600
4184591
4184492
4184490
4184448
4184444
4184441
4184380
4184379
4184349
4184215
4184188
4184129
4184093
4184086
4184079
4183947
4183778
4183661
4183657
4183620
4183616
4183599
4183463
4183409
4183355
4183330
4183188
4183080
4183048
4182745
4182740
4182692
4182677
4182665
4182638
4182587
4182568
4182557
4182527
4182430
4182339
4182338
4182332
4182243
4182242
4182231
4182230
4182213
4182205
4182131
4182107
4182015
4181873
4181842
4181805
4181763
4181722
4181716
4181715
4181693
4181661
4181653
4181626
4181553
4181534
4181533
4181506
4181483
4181416
4181398
4181396
4181386
4181077
4181031
4181013
4181009
4180955
4180952
4180949
4180947
4180934
4180910
4180829
4180827
4180768
4180759
4180748
4180715
4180664
4180604
4180577
4180575
4180529
4180524
4180481
4180372
4180344
4180296
4180281
4180201
4180200
4180047
4179965
4179961
4179959
4179912
4179902
4179888
4179806
4179743
4179739
4179620
4179573
4179562
4179504
4179482
4179479
4179421
4179416
4179415
4179349
4179307
4179281
4179260
4179253
4179245
4179235
4179139
4179134
4179105
4179012
4178980
4178979
4178783
4178762
4178744
4178642
4178632
4178597
4178596
4178555
4178376
4178367
4178304
4178297
4178293
4178222
4178199
4178192
4178157
4178112
4178085
4178034
4177844
4177830
4177785
4177750
4177746
4177739
4177712
4177666
4177647
4177523
4177464
4177462
4177458
4177397
4177303
4177300
4177189
4177176
4177138
4177134
4177069
4177067
4176961
4176946
4176900
4176881
4176786
4176768
4176607
4176417
4176353
4176347
4176324
4176322
4176302
4176295
4176289
4176253
4176214
4176211
4176209
4176204
4176201
4176155
4176129
4176127
4175911
4175909
4175899
4175781
4175656
4175644
4175638
4175620
4175619
4175611
4175566
4175555
4175522
4175516
4175509
4175489
4175476
4175459
4175437
4175436
4175419
4175395
4175356
4175301
4175255
4175195
4175190
4175185
4175184
4175129
4175128
4175125
4175059
4175017
4175012
4174989
4174941
4174827
4174803
4174802
4174792
4174751
4174723
4174629
4174585
4174570
4174565
4174532
4174495
4174492
4174485
4174483
4174465
4174455
4174392
4174384
4174213
4174142
4174059
4174026
4174017
4173983
4173975
4173927
4173841
4173780
4173779
4173773
4173742
4173675
4173657
4173653